6.001447 5.034437 3.250000 
16.985958 6.019035 2.750000 
34.966783 6.943401 2.500000 
80.152196 6.933722 2.750000 
89.039734 7.061682 2.750000 
41.995393 7.990612 2.750000 
47.996703 7.964242 2.750000 
55.014800 8.048407 2.500000 
10.996202 9.206415 3.000000 
73.151207 8.983816 3.500000 
97.000000 9.000000 3.250000 
24.867563 9.985847 3.500000 
65.043142 10.900814 3.250000 
84.877569 12.095883 3.250000 
17.000000 13.000000 2.750000 
37.967763 12.995392 2.500000 
58.004052 13.024101 3.250000 
5.022265 14.083219 3.000000 
51.903346 14.104241 3.000000 
93.001726 13.995285 2.750000 
44.999375 15.998124 3.500000 
22.000000 17.000000 2.500000 
27.020804 17.081191 2.500000 
34.000000 18.001358 2.500000 
66.895852 17.992675 3.750000 
81.008280 17.987303 3.250000 
88.037404 18.020709 2.750000 
74.071478 18.994232 3.250000 
4.060547 19.911699 3.000000 
11.000047 20.011624 3.000000 
38.985207 20.054019 2.500000 
60.998645 21.170875 3.250000 
16.977526 21.829640 2.500000 
28.954269 21.909213 2.500000 
52.837767 22.236352 3.750000 
93.891362 22.170897 3.250000 
23.091417 23.208024 3.000000 
45.979406 23.949980 3.500000 
37.023772 24.961203 2.500000 
67.075872 24.989960 3.000000 
12.000000 26.008509 2.500000 
82.912044 25.627455 3.250000 
5.019521 26.977296 2.750000 
31.026897 27.853929 2.750000 
90.130013 28.060028 2.500000 
96.991073 28.008927 2.750000 
24.969958 28.902002 2.250000 
18.000563 30.063947 3.500000 
71.031625 29.979740 3.000000 
40.984367 30.939060 2.750000 
48.045060 30.991331 3.250000 
55.985310 31.031404 3.500000 
77.031382 31.246962 3.250000 
7.021017 32.043263 2.750000 
62.831152 32.024158 3.500000 
11.987800 33.004332 2.250000 
85.845377 32.913521 3.000000 
31.102929 33.881011 2.250000 
35.988631 34.132912 2.500000 
24.171864 34.783791 2.750000 
93.002082 34.956350 2.500000 
52.026994 36.964916 3.250000 
70.955548 36.946973 3.000000 
79.000000 38.000000 3.000000 
12.162965 38.953769 2.750000 
37.901962 39.810523 3.000000 
65.025794 39.990254 3.500000 
85.056883 39.935233 3.000000 
31.000000 41.000539 3.250000 
58.061624 40.966373 3.000000 
5.942153 41.905384 2.500000 
92.000377 41.994346 3.000000 
47.006905 43.069789 3.500000 
73.964043 43.027521 3.500000 
16.648776 44.260481 3.250000 
25.999026 43.998273 2.750000 
11.045024 46.102816 3.000000 
40.923676 45.932644 3.250000 
61.903074 46.976340 2.750000 
87.012785 46.867348 3.000000 
80.037505 47.832876 2.750000 
96.938631 48.099143 3.000000 
20.938315 49.070067 2.750000 
50.986600 50.017596 3.500000 
73.961454 50.012285 2.750000 
28.002980 50.900041 2.750000 
35.963138 50.956643 2.500000 
66.948611 51.067199 2.750000 
16.080618 51.973569 3.000000 
44.018262 52.990006 3.500000 
85.107600 54.002349 3.750000 
31.987563 55.793505 3.500000 
78.016645 56.085891 3.000000 
5.000000 57.000000 3.000000 
11.997171 56.974998 3.000000 
24.953215 56.869901 2.750000 
58.100808 56.866469 2.750000 
64.999992 57.001011 3.000000 
38.961719 58.061506 3.000000 
91.963625 58.066491 3.500000 
18.983795 59.009278 2.750000 
45.992960 60.024119 3.250000 
71.029728 59.969389 3.750000 
85.990559 62.018337 4.000000 
28.021007 63.011074 2.500000 
56.096790 63.025303 3.000000 
7.951410 63.886483 3.000000 
34.914762 63.958977 3.500000 
64.096974 64.187456 2.750000 
14.918549 65.027259 2.750000 
21.976194 65.128133 2.500000 
97.034615 64.970199 3.000000 
41.952531 66.966545 3.750000 
69.043468 67.926047 3.000000 
77.255222 67.900922 3.750000 
27.031440 69.013206 3.250000 
49.911027 69.120477 3.750000 
57.012872 69.938199 3.000000 
93.926653 69.854006 2.750000 
9.996370 71.015780 2.750000 
63.100036 71.129634 2.750000 
17.943365 72.111423 3.500000 
83.018995 72.970664 3.250000 
39.030719 73.996941 3.500000 
4.849714 75.047196 3.000000 
31.158114 74.954348 3.500000 
68.836227 74.899225 3.250000 
88.994000 74.982540 2.500000 
24.189685 76.103251 3.500000 
13.056731 76.961076 2.500000 
55.084520 77.081163 3.000000 
62.054879 77.148566 2.750000 
75.022732 78.007053 3.500000 
83.974436 80.078786 3.500000 
94.039403 79.932814 3.500000 
8.977976 81.893637 3.000000 
19.017817 81.947556 3.500000 
38.987195 81.953651 3.500000 
67.937650 81.959977 3.000000 
31.999541 82.842979 3.750000 
51.022254 82.870060 3.250000 
59.984762 82.965649 2.500000 
88.997521 84.988791 2.750000 
45.055016 86.007372 2.500000 
73.998398 85.966193 3.750000 
80.980177 86.068869 3.250000 
14.103409 86.827508 3.500000 
95.000807 87.002208 3.000000 
55.945490 87.975311 3.250000 
65.109240 87.923568 3.000000 
25.056506 89.056211 3.250000 
7.065259 89.881620 2.750000 
33.922964 89.939224 3.500000 
19.122522 91.791096 3.000000 
49.504433 92.252353 2.500000 
43.017860 93.006088 3.250000 
84.836673 93.185085 2.500000 
12.090824 93.893441 2.750000 
70.966043 94.115764 4.000000 
93.020777 94.188936 2.750000 
56.980757 94.941024 3.250000 
26.989617 95.814182 3.500000 
37.015918 95.986634 3.000000 
63.969811 96.118701 3.000000 
